EMBEDDING_DIM = 300
INPUT_VECTOR_DIM = 300
SEQUENCE_LEN = 35
BATCH_SIZE = 64

NUM_CLASSES = 4
EPOCHS = 1

Anmerkung: Trainingszeit nur messbar, wenn Daten schon in den RAM geladen sind

Base-Model
----------
Test Accuracy:  0.519,  0.528,  0.527,  0.521, 0.518,   0.521,  0.487,  0.513,  0.518,  0.518,  0.509,  0.51,   0.519,  0.509, 0.516,
                0.522,  0.499,  0.518,  0.506,  0.516,  0.506,  0.517,  0.512,  0.503,  0.513,  0.505,  0.514,  0.516,  0.52,  0.51,
Durchschnitt:   

Ensemble
----------
Test Accuracy:  0.533  0.533  0.529  0.532  0.533  0.532  0.531  0.533  0.531  0.533  0.534  0.532  0.531  0.531  0.531  
                0.534  0.533  0.531  0.529  0.530  0.531  0.531  0.533  0.532  0.534  0.530  0.528  0.532 



Base-Model
----------
Training time:  16.43  16.95  16.75  16.00  16.48  16.53  16.33  16.45  16.6   16.22  
                16.51  16.26  16.86  16.43  15.89  16.09  16.24  16.30  16.54  16.14
                16.44  16.86  17.10  14.47  14.24  15.59  16.4   16.63  16.05  15.84 


Ensemble
----------
Training time:  13.26  14.00  14.28  14.17  14.17  12.89  13.84  12.78  13.27  13.33  13.77  13.61  15.83  14.1  14.36  
		14.24  14.77  13.96  13.78  13.38  13.20  13.83  14.29  13.89  13.82  13.31  14.94  13.95  13.83